>> load datafile

>> data

data =

    3.0000    0.5300    4.0753       NaN
   18.0000    1.7800    6.6678    2.1328
   19.0000    0.8600    1.5177    3.6852
   20.0000    1.6000    3.6375    8.5389
   21.0000    3.0000    4.7243   10.1570
   23.0000    6.1100    9.0698    2.8739
   38.0000    2.5400    5.3002    4.4508



Task 1✔

>> v2 = data(:,4)

v2 =

       NaN
    2.1328
    3.6852
    8.5389
   10.1570
    2.8739
    4.4508



Task 2✔

>> v2(1,1)=0.5 changes the 1st row and 1st col element to 0.5 i.e. NaN to 0.5

v2 =

    0.5000
    2.1328
    3.6852
    8.5389
   10.1570
    2.8739
    4.4508



Task 3✔

>> data(1,4)=0.5 changes the 1st row and 4th col element to 0.5 i.e. NaN to 0.5

data =

    3.0000    0.5300    4.0753    0.5000
   18.0000    1.7800    6.6678    2.1328
   19.0000    0.8600    1.5177    3.6852
   20.0000    1.6000    3.6375    8.5389
   21.0000    3.0000    4.7243   10.1570
   23.0000    6.1100    9.0698    2.8739
   38.0000    2.5400    5.3002    4.4508

